1 2 3 4 5 6 7 8 9 10 11 12 13 14 15 16 17 18 19 20 21 22 23 24 25 26 27 28 29 30 31 32 33 34 35 36 37 38 39 40 41 42 43 44 45 46 47 48 49 50 51 52 53 54 55 56 57 
2 19 A
2 20 A
2 50 A
3 14 A
4 56 B
5 19 B
6 1 B
6 34 A
9 7 B
9 42 B
10 27 A
12 3 B
12 49 A
13 17 A
16 11 A
16 51 A
18 50 A
21 2 B
22 39 B
24 54 B
24 32 B
26 29 A
26 36 B
26 54 B
26 56 A
28 39 A
29 2 A
29 10 A
30 47 A
31 37 B
33 13 B
33 18 B
34 30 A
35 17 A
38 55 A
39 52 B
40 11 B
40 15 B
41 37 A
43 26 B
44 1 B
45 16 B
45 19 B
45 30 B
47 43 B
47 57 B
47 52 A
48 46 B
48 47 B
49 22 A
53 42 B
53 55 B
57 26 A
57 52 A
8 39 B
23 27 B
23 54 B
25 18 B
52 37 B
52 51 B
52 23 A
56 30 A
56 47 A
56 54 B
